25
36
Cate72|email|23|5|29|1|0|19|4|8|17|10|27|15|20|31|34|7|33|24|28|14|18|3|16|0|0|35|0|26|6|4|34|12|32|30|9|9
Colesmomm|email|13|25|3|22|33|26|8|32|18|28|24|17|27|5|1|6|11|14|7|34|35|4|0|21|30|19|29|24|29|23|31|20|26|35|6|16
ImNotReallyAWaitress78|email|10|25|16|6|2|28|14|32|4|22|35|17|8|5|12|7|1|15|11|18|19|3|8|0|33|20|29|9|24|13|31|26|23|34|30|21
Jewelsbabe|email|3|25|4|2|17|26|34|32|13|33|11|12|18|5|1|6|19|15|9|30|20|23|35|28|27|25|0|0|30|8|31|4|29|14|16|22
Momma Rosie|email|6|5|16|35|28|8|34|32|13|2|11|33|18|31|1|7|27|0|30|14|17|4|9|21|26|15|29|20|22|3|23|25|19|12|24|10
MySonMiles|email|30|5|23|25|17|8|22|32|10|2|11|16|12|3|1|26|13|14|9|34|35|4|28|18|6|15|24|33|0|21|31|19|27|20|29|7
Nolegirl1|email|21|6|0|8|17|33|34|32|24|10|11|16|12|5|14|26|1|15|9|18|19|4|28|22|3|27|29|6|2|31|23|25|35|20|30|7
Rizzo68|email|13|11|26|20|17|3|31|32|24|33|19|7|10|5|19|27|1|15|9|14|16|4|0|35|8|25|29|21|2|6|28|22|30|18|26|12
answers|email|13|25|18|1|17|0|34|32|24|28|11|16|12|5|8|7|2|14|9|22|35|4|19|21|3|15|29|33|27|6|31|26|23|20|30|10
aprilmom2be|email|7|31|2|4|17|20|16|32|13|10|0|8|18|5|1|6|35|15|30|14|3|9|19|12|26|25|27|33|24|15|34|28|23|22|29|21
carlap2|email|13|25|18|1|17|0|34|32|24|4|11|16|23|5|35|7|2|14|9|28|16|10|8|18|3|19|29|22|27|6|31|26|23|35|30|21
chelele|email|18|25|12|19|33|0|34|32|24|10|9|22|16|27|1|17|0|6|26|14|23|28|20|21|5|15|29|35|28|30|31|2|8|7|11|13
handsomesmomma|email|0|25|0|0|0|6|34|33|0|0|0|0|12|5|0|7|0|15|0|0|23|16|0|0|26|19|29|0|0|0|8|0|0|32|2|4
jacquier|email|15|5|11|4|17|31|14|32|24|2|23|16|6|5|25|7|13|21|0|10|22|3|9|28|27|19|29|12|35|20|8|18|30|1|26|34
jratbert|email|13|25|17|23|33|0|34|32|6|3|20|4|1|5|12|27|35|22|9|18|24|26|16|21|27|19|29|5|7|14|4|26|18|22|30|10
kidnumber2|email|13|5|0|1|2|3|34|32|24|10|33|4|12|15|16|17|14|6|9|23|11|20|21|19|7|35|29|27|25|18|31|26|30|22|28|8
mjpurvis|email|1|5|3|10|2|31|23|32|4|30|0|19|29|6|7|18|12|14|9|8|16|17|24|28|27|25|15|35|13|11|18|3|14|21|26|22
rosalbalc|email|6|25|0|5|17|22|14|32|3|2|0|16|12|5|19|7|23|15|9|34|31|4|11|18|20|19|29|27|27|1|31|0|33|33|3|10
sarahcclose|email|1|5|23|15|17|0|34|32|24|28|11|16|12|6|33|7|3|9|30|20|35|4|27|21|18|19|29|13|3|8|31|25|2|10|26|22
sheilaras|email|13|5|9|0|17|19|34|32|4|10|0|21|4|33|16|7|2|15|30|34|23|35|19|18|4|31|29|3|6|27|11|26|28|14|20|1
toyagirl23|email|4|35|34|3|29|7|18|32|12|10|11|4|0|5|22|26|31|1|30|16|7|19|14|13|33|25|20|23|2|0|27|15|6|9|8|17
