8
36

Nolegirl1|email|21|6|0|8|17|33|34|32|24|10|11|16|12|5|14|26|1|15|9|18|19|4|28|22|3|27|29|6|2|31|23|25|35|20|30|7
answers|email|13|25|18|1|17|0|34|32|24|28|11|16|12|5|8|7|2|14|9|22|35|4|19|21|3|15|29|33|27|6|31|26|23|20|30|10
handsomesmomma|email|0|25|0|0|0|6|34|33|0|0|0|0|12|5|0|7|0|15|0|0|23|16|0|0|26|19|29|0|0|0|8|0|0|32|2|4
jacquier|email|15|5|11|4|17|31|14|32|24|2|23|16|6|5|25|7|13|21|0|10|22|3|9|28|27|19|29|12|35|20|8|18|30|1|26|34
jratbert|email|13|25|17|23|33|0|34|32|6|3|20|4|1|5|12|27|35|22|9|18|24|26|16|21|27|19|29|5|7|14|4|26|18|22|30|10
mjpurvis|email|1|5|3|10|2|31|23|32|4|30|0|19|29|6|7|18|12|14|9|8|16|17|24|28|27|25|15|35|13|11|18|3|14|21|26|22
momtoAbbySue|email|13|25|18|1|17|0|34|32|24|28|11|16|12|5|8|7|2|14|9|22|35|4|19|21|3|15|29|33|27|6|31|26|23|20|30|10
