26
28
Anne0403|email|4|8|13|18|1|6|2|26|27|14|21|24|0|7|10|20|23|9|12|5|17|11|22|25|16|15|3|19
ColesMomm|email|4|8|13|26|15|6|2|20|7|3|21|18|0|1|11|14|10|9|12|5|17|27|22|25|23|16|19|24
ImNotReallyAWaitress78|email|4|23|13|21|16|18|2|6|27|3|5|11|0|1|10|8|12|9|24|14|17|15|22|25|20|26|7|19
Jewelsbabe|email|4|23|6|13|26|22|2|25|27|16|21|18|0|3|10|6|17|9|12|14|8|15|1|19|11|24|7|20
JoanieSwan|email|1|21|13|20|6|0|2|11|22|0|14|26|23|27|23|12|26|0|4|22|15|17|24|25|10|22|8|3
Julia24|email|4|8|13|18|23|6|2|16|19|3|21|14|27|1|10|20|24|9|12|5|17|15|22|25|11|0|7|26
Nolegirl1|email|4|8|13|11|26|6|2|16|19|24|21|20|0|27|10|14|1|9|12|5|3|15|22|25|18|23|7|17
Rizzo68|email|4|8|13|27|25|6|2|10|1|26|21|18|0|3|24|20|23|16|12|5|17|15|22|9|14|26|7|19
answers|email|4|8|13|27|1|6|2|10|16|18|21|14|0|3|24|20|23|9|12|5|17|15|22|25|11|26|7|19
carlap2|email|4|8|13|0|11|20|2|0|23|25|21|0|6|3|10|0|27|9|24|0|5|17|19|0|0|16|7|0
chelele|email|9|21|6|5|14|4|2|26|24|24|22|27|13|0|7|1|16|20|17|18|1|15|25|3|10|23|26|19
jacquier|email|4|26|9|16|13|6|2|1|23|3|21|18|0|27|10|14|12|7|24|5|17|15|22|25|11|8|20|19
jratbert|email|5|8|13|27|1|6|2|10|16|18|21|14|0|3|24|20|23|9|12|5|17|15|22|25|11|26|7|19
justdey|email|4|8|13|14|7|6|2|23|1|3|21|27|0|20|10|24|19|18|9|5|17|15|22|25|12|16|26|11
kidnumber2|email|4|8|13|0|20|6|2|0|26|16|21|0|0|14|10|0|19|9|24|0|15|15|3|0|11|12|7|0
mjpurvis|email|4|26|24|0|5|6|2|23|19|18|21|16|27|1|10|20|3|13|8|11|17|9|22|25|12|14|7|15
mlair|email|1|8|13|6|11|4|2|18|14|26|21|27|0|19|10|20|23|9|12|5|3|15|22|25|16|17|7|24
mommie24boys|email|26|8|13|18|16|6|2|11|9|7|21|12|4|27|10|20|19|3|24|1|5|17|14|25|23|0|22|15
mommytomadelyn|email|4|8|13|27|11|6|2|18|16|10|21|14|0|3|24|20|19|9|12|5|1|15|22|25|23|26|7|17
momtoAbbySue|email|4|8|13|20|25|6|2|11|16|18|21|14|0|3|10|1|23|9|12|5|17|15|22|24|27|26|7|19
rosalbalc|email|5|8|23|20|24|6|2|16|19|7|21|19|27|1|10|12|13|0|14|16|5|18|22|25|11|23|9|17
sarakaye|email|4|8|16|20|23|6|2|11|18|10|21|27|0|19|24|14|7|9|12|5|3|15|22|25|23|26|1|17
sheilaras|email|4|8|13|21|17|6|2|20|9|1|24|18|0|19|10|22|16|18|12|5|14|27|15|25|11|20|7|3
toyagirl23|email|4|8|13|0|5|11|2|0|1|7|21|0|0|19|10|0|3|9|12|0|17|15|22|0|20|1|25|0
wren73|email|4|8|13|6|17|20|2|23|19|24|21|18|0|3|10|1|9|14|12|5|26|10|22|25|16|27|7|15
