9
28
ImNotReallyAWaitress78|email|4|23|13|21|16|18|2|6|27|3|5|11|0|1|10|8|12|9|24|14|17|15|22|25|20|26|7|19
Nolegirl1|email|4|8|13|11|26|6|2|16|19|24|21|20|0|27|10|14|1|9|12|5|3|15|22|25|18|23|7|17
answers|email|4|8|13|27|1|6|2|10|16|18|21|14|0|3|24|20|23|9|12|5|17|15|22|25|11|26|7|19
jratbert|email|5|8|13|27|1|6|2|10|16|18|21|14|0|3|24|20|23|9|12|5|17|15|22|25|11|26|7|19
mjpurvis|email|4|26|24|0|5|6|2|23|19|18|21|16|27|1|10|20|3|13|8|11|17|9|22|25|12|14|7|15
momtoAbbySue|email|4|8|13|20|25|6|2|11|16|18|21|14|0|3|10|1|23|9|12|5|17|15|22|24|27|26|7|19
rosalbalc|email|5|8|23|20|24|6|2|16|19|7|21|19|27|1|10|12|13|0|14|16|5|18|22|25|11|23|9|17
sarakaye|email|4|8|16|20|23|6|2|11|18|10|21|27|0|19|24|14|7|9|12|5|3|15|22|25|23|26|1|17
sheilaras|email|4|8|13|21|17|6|2|20|9|1|24|18|0|19|10|22|16|18|12|5|14|27|15|25|11|20|7|3
